DEPT_I	VEND_I	VEND_OP_I	DC_I	Item_Count	Slice_Index	po_begin_date	item_locations	Partition_Index	Cluster_Index
94	1103663	4	551	-1	0	2018-04-08	-1	31	ttc-prod
261	1082373	2	551	-1	0	2018-03-25	-1	28	ttc-prod
52	1109450	3	551	-1	0	2018-04-22	-1	34	ttc-prod
245	1106660	4	551	-1	0	2018-04-15	-1	35	ttc-prod
212	1012000	2	551	-1	0	2018-03-04	-1	36	ttc-prod
94	1083547	1	551	-1	0	2018-04-08	-1	37	ttc-prod
94	1036374	1	551	-1	0	2018-04-08	-1	24	ttc-prod
261	1037645	2	551	-1	0	2018-03-25	-1	33	ttc-prod
245	1070466	4	551	-1	0	2018-04-22	-1	26	ttc-prod
37	1043943	1	551	-1	0	2018-04-29	-1	27	ttc-prod
94	1103663	1	551	-1	0	2018-04-08	-1	25	ttc-prod
49	1101500	9	551	-1	0	2018-04-22	-1	29	ttc-prod
245	1106204	2	551	-1	0	2018-12-02	-1	30	ttc-prod
94	1981674	2	560	75	0	2019-04-28	5683	30	ttc-prod
94	1981674	2	553	75	0	2019-04-28	4833	36	ttc-prod
94	1981674	2	579	74	0	2019-04-28	5143	33	ttc-prod
94	1981674	2	3806	73	0	2019-04-28	4667	21	ttc-prod
94	1981674	2	3808	74	0	2019-04-28	3743	30	ttc-prod
94	1981674	2	3811	74	0	2019-04-28	5819	26	ttc-prod
94	1981674	2	3801	74	0	2019-04-28	3824	29	ttc-prod
94	1981674	2	587	74	0	2019-04-28	5313	32	ttc-prod
94	1981674	2	3802	75	0	2019-04-28	5777	28	ttc-prod
94	1981674	2	3803	74	0	2019-04-28	4634	22	ttc-prod
94	1981674	2	588	74	0	2019-04-28	4491	23	ttc-prod
94	1981674	2	554	74	0	2019-04-28	3672	31	ttc-prod
94	1981674	2	590	74	0	2019-04-28	4125	27	ttc-prod
94	1981674	2	593	75	0	2019-04-28	5698	29	ttc-prod
94	1981674	2	555	75	0	2019-04-28	5530	31	ttc-prod
94	1981674	2	578	73	0	2019-04-28	6312	25	ttc-prod
94	1981674	2	551	74	0	2019-04-28	2746	32	ttc-prod
94	1981674	2	556	74	0	2019-04-28	4469	24	ttc-prod
94	1981674	2	580	73	0	2019-04-28	4422	26	ttc-prod
94	1981674	2	594	73	0	2019-04-28	3922	28	ttc-prod
94	1981674	2	557	74	0	2019-04-28	5806	27	ttc-prod
94	1981674	2	559	74	0	2019-04-28	4979	35	ttc-prod
94	1981674	2	3804	74	0	2019-04-28	5133	34	ttc-prod
94	1981674	2	558	74	0	2019-04-28	4448	25	ttc-prod
94	1981674	2	589	75	0	2019-04-28	4792	37	ttc-prod
37	2803069	5	559	277	0	2019-05-05	17945	11	ttc-prod
37	2803069	5	589	278	0	2019-05-05	17157	15	ttc-prod
37	2803069	5	593	279	0	2019-05-05	21287	1	ttc-prod
37	2803069	5	3806	277	0	2019-05-05	18294	10	ttc-prod
37	2803069	5	551	263	0	2019-05-05	9879	24	ttc-prod
37	2803069	5	3801	277	0	2019-05-05	14535	22	ttc-prod
37	2803069	5	588	279	0	2019-05-05	17188	14	ttc-prod
37	2803069	5	556	278	0	2019-05-05	17112	16	ttc-prod
37	2803069	5	3804	266	0	2019-05-05	18985	8	ttc-prod
37	2803069	5	555	279	0	2019-05-05	19853	6	ttc-prod
37	2803069	5	557	278	0	2019-05-05	20549	3	ttc-prod
37	2803069	5	560	285	0	2019-05-05	20128	5	ttc-prod
37	2803069	5	3802	286	0	2019-05-05	20484	4	ttc-prod
37	2803069	5	554	279	0	2019-05-05	13225	23	ttc-prod
37	2803069	5	578	283	0	2019-05-05	23864	0	ttc-prod
37	2803069	5	3811	277	0	2019-05-05	21186	2	ttc-prod
37	2803069	5	553	278	0	2019-05-05	17765	12	ttc-prod
37	2803069	5	3808	280	0	2019-05-05	14607	21	ttc-prod
37	2803069	5	587	280	0	2019-05-05	19726	7	ttc-prod
37	2803069	5	558	278	0	2019-05-05	16671	18	ttc-prod
37	2803069	5	594	278	0	2019-05-05	14893	20	ttc-prod
37	2803069	5	579	266	0	2019-05-05	18694	9	ttc-prod
37	2803069	5	3803	278	0	2019-05-05	17473	13	ttc-prod
37	2803069	5	580	278	0	2019-05-05	16836	17	ttc-prod
37	2803069	5	590	288	0	2019-05-05	15101	19
